100 200 1727
26 1
47 1
60 1
29 2
39 2
40 2
41 2
46 2
81 2
96 2
97 2
6 3
9 3
18 3
23 3
37 3
53 3
76 3
85 3
11 4
15 4
46 4
48 4
51 4
55 4
58 4
72 4
92 4
94 4
96 4
11 5
26 5
29 5
35 5
39 5
44 5
45 5
55 5
60 5
66 5
71 5
86 5
4 6
31 6
62 6
68 6
72 6
77 6
87 6
90 6
4 7
22 7
25 7
27 7
29 7
36 7
37 7
48 7
55 7
69 7
83 7
95 7
97 7
14 8
26 8
39 8
40 8
45 8
50 8
52 8
67 8
78 8
96 8
20 9
26 9
35 9
58 9
72 9
79 9
8 10
10 10
29 10
35 10
38 10
43 10
57 10
69 10
93 10
4 11
28 11
46 11
48 11
50 11
68 11
100 11
12 13
15 13
20 13
30 13
41 13
49 13
51 13
59 13
62 13
65 13
73 13
3 15
13 15
26 15
28 15
44 15
56 15
67 15
73 15
97 15
2 16
16 16
59 16
67 16
77 16
86 16
87 16
88 16
2 17
24 17
41 17
51 17
58 17
60 17
67 17
72 17
7 18
8 18
14 18
16 18
18 18
19 18
21 18
23 18
27 18
31 18
45 18
48 18
56 18
61 18
63 18
74 18
85 18
90 18
94 18
100 18
3 19
22 19
23 19
29 19
32 19
35 19
39 19
49 19
61 19
63 19
67 19
69 19
70 19
99 19
1 20
7 20
8 20
15 20
17 20
19 20
41 20
58 20
63 20
70 20
86 20
99 20
22 22
33 22
38 22
64 22
65 22
81 22
92 22
2 23
8 23
20 23
24 23
28 23
48 23
60 23
69 23
76 23
82 23
89 23
97 23
10 24
19 24
25 24
31 24
33 24
45 24
46 24
51 24
53 24
57 24
58 24
68 24
3 25
24 25
31 25
60 25
64 25
90 25
2 26
6 26
8 26
12 26
18 26
22 26
28 26
49 26
50 26
53 26
66 26
75 26
95 26
3 27
18 27
62 27
2 29
6 29
18 29
49 29
52 29
53 29
61 29
64 29
68 29
78 29
97 29
98 29
30 30
31 30
34 30
41 30
48 30
57 30
58 30
69 30
79 30
95 30
97 30
99 30
100 30
2 31
9 31
19 31
21 31
36 31
39 31
59 31
79 31
84 31
88 31
8 32
11 32
17 32
63 32
64 32
99 32
3 33
17 33
20 33
26 33
27 33
40 33
51 33
60 33
66 33
68 33
78 33
83 33
88 33
89 33
91 33
21 34
30 34
32 34
59 34
61 34
68 34
71 34
97 34
5 35
17 35
29 35
40 35
44 35
51 35
62 35
93 35
96 35
97 35
5 36
9 36
16 36
56 36
64 36
80 36
81 36
87 36
95 36
98 36
15 37
27 37
39 37
57 37
68 37
79 37
95 37
5 38
8 38
18 38
22 38
28 38
44 38
50 38
58 38
63 38
71 38
74 38
79 38
91 38
3 39
13 39
19 39
34 39
51 39
56 39
58 39
61 39
86 39
6 40
21 40
23 40
38 40
42 40
51 40
66 40
67 40
73 40
80 40
83 40
97 40
100 40
60 41
95 41
9 42
17 42
39 42
40 42
71 42
85 42
90 42
100 42
8 43
10 43
15 43
19 43
29 43
32 43
49 43
75 43
84 43
2 44
19 44
42 44
88 44
92 44
98 44
100 44
2 45
11 45
15 45
16 45
24 45
27 45
28 45
44 45
50 45
54 45
56 45
62 45
63 45
64 45
84 45
87 45
88 45
90 45
93 45
30 47
42 47
55 47
66 47
84 47
96 47
98 47
100 47
47 48
61 48
64 48
70 48
73 48
82 48
97 48
19 49
34 49
36 49
54 49
1 50
12 50
35 50
39 50
50 50
59 50
60 50
63 50
77 50
80 50
90 50
97 50
11 51
51 51
59 51
72 51
80 51
2 52
5 52
8 52
12 52
19 52
29 52
42 52
49 52
50 52
60 52
61 52
66 52
77 52
86 52
91 52
7 53
16 53
20 53
33 53
38 53
43 53
47 53
69 53
70 53
71 53
82 53
89 53
92 53
12 54
16 54
17 54
24 54
52 54
53 54
60 54
68 54
89 54
9 55
11 55
15 55
33 55
81 55
86 55
96 55
98 55
3 56
12 56
28 56
33 56
39 56
49 56
51 56
65 56
74 56
81 56
5 57
13 57
31 57
40 57
72 57
74 57
76 57
79 57
81 57
83 57
86 57
89 57
100 57
3 58
23 58
24 58
34 58
36 58
54 58
80 58
91 58
93 58
15 59
18 59
42 59
50 59
63 59
64 59
67 59
69 59
71 59
74 59
83 59
87 59
93 59
16 60
34 60
54 60
58 60
62 60
63 60
68 60
73 60
77 60
79 60
85 60
99 60
4 61
6 61
15 61
18 61
19 61
33 61
49 61
55 61
79 61
26 62
32 62
42 62
76 62
80 62
93 62
96 62
98 62
99 62
18 63
25 63
29 63
42 63
48 63
49 63
50 63
56 63
59 63
63 63
64 63
71 63
84 63
90 63
100 63
6 65
24 65
28 65
29 65
37 65
43 65
51 65
56 65
58 65
60 65
65 65
81 65
89 65
90 65
92 65
94 65
100 65
15 66
17 66
21 66
23 66
27 66
43 66
61 66
81 66
98 66
10 67
17 67
35 67
47 67
48 67
52 67
58 67
59 67
62 67
69 67
95 67
9 68
13 68
36 68
80 68
85 68
89 68
94 68
2 69
5 69
29 69
36 69
43 69
54 69
58 69
60 69
61 69
64 69
67 69
72 69
78 69
87 69
17 70
22 70
25 70
26 70
28 70
50 70
54 70
64 70
69 70
73 70
78 70
95 70
96 70
100 70
17 71
56 71
63 71
88 71
89 71
96 71
97 71
98 71
27 73
56 73
58 73
88 73
7 74
16 74
18 74
24 74
47 74
57 74
58 74
70 74
23 75
33 75
41 75
60 75
64 75
69 75
71 75
83 75
99 75
1 76
3 76
12 76
20 76
35 76
43 76
52 76
58 76
86 76
8 77
25 77
37 77
38 77
49 77
70 77
82 77
84 77
96 77
2 78
64 78
79 78
87 78
98 78
3 79
6 79
16 79
23 79
29 79
39 79
49 79
55 79
59 79
67 79
68 79
89 79
96 79
100 79
13 80
22 80
24 80
26 80
43 80
46 80
53 80
70 80
77 80
86 80
92 80
99 80
1 81
2 81
4 81
9 81
11 81
14 81
25 81
27 81
34 81
38 81
62 81
68 81
74 81
86 81
96 81
15 82
20 82
26 82
40 82
55 82
69 82
82 82
91 82
6 83
22 83
66 83
71 83
5 84
11 84
22 84
26 84
31 84
51 84
76 84
77 84
85 84
86 84
96 84
16 85
27 85
37 85
51 85
57 85
58 85
60 85
99 85
17 86
40 86
45 86
54 86
72 86
74 86
99 86
19 87
59 87
71 87
74 87
81 87
86 87
99 87
3 88
5 88
24 88
25 88
39 88
40 88
45 88
66 88
74 88
80 88
87 88
89 88
94 88
20 89
26 89
36 89
39 89
41 89
47 89
54 89
59 89
60 89
83 89
95 89
96 89
97 89
29 90
44 90
54 90
55 90
70 90
82 90
90 90
4 91
9 91
21 91
27 91
32 91
61 91
95 91
97 91
100 91
4 92
20 92
36 92
50 92
53 92
54 92
57 92
69 92
11 93
23 93
24 93
31 93
49 93
50 93
75 93
84 93
88 93
90 93
93 93
2 94
17 94
18 94
28 94
41 94
47 94
52 94
63 94
98 94
21 95
35 95
44 95
46 95
50 95
53 95
69 95
22 96
32 96
41 96
73 96
85 96
92 96
20 97
28 97
31 97
42 97
46 97
47 97
65 97
67 97
71 97
82 97
97 97
3 98
15 98
22 98
24 98
39 98
69 98
82 98
83 98
99 98
18 99
19 99
24 99
37 99
38 99
54 99
71 99
87 99
8 101
17 101
19 101
42 101
43 101
60 101
75 101
80 101
94 101
14 103
22 103
42 103
44 103
46 103
47 103
61 103
66 103
70 103
72 103
91 103
5 104
28 104
38 104
39 104
85 104
96 104
8 106
26 106
29 106
35 106
44 106
57 106
73 106
81 106
86 106
97 106
100 106
8 107
20 107
31 107
36 107
42 107
51 107
52 107
57 107
65 107
77 107
78 107
80 107
89 107
3 108
7 108
9 108
22 108
23 108
47 108
72 108
81 108
83 108
17 109
21 109
22 109
55 109
58 109
79 109
91 109
95 109
12 111
15 111
20 111
40 111
42 111
60 111
61 111
85 111
87 111
88 111
89 111
96 111
12 112
14 112
25 112
49 112
90 112
91 112
1 113
9 113
12 113
13 113
15 113
21 113
23 113
43 113
77 113
18 114
19 114
30 114
97 114
2 115
3 115
7 115
8 115
13 115
20 115
21 115
25 115
27 115
30 115
48 115
59 115
60 115
66 115
75 115
81 115
84 115
85 115
86 115
87 115
1 116
19 116
41 116
43 116
60 116
62 116
69 116
87 116
7 117
22 117
23 117
26 117
34 117
47 117
48 117
51 117
55 117
56 117
58 117
65 117
67 117
76 117
77 117
81 117
94 117
96 117
2 118
15 118
17 118
22 118
29 118
31 118
39 118
41 118
62 118
63 118
77 118
99 118
4 119
5 119
7 119
9 119
10 119
13 119
28 119
40 119
46 119
63 119
84 119
94 119
3 120
5 120
21 120
29 120
98 120
4 121
9 121
19 121
20 121
21 121
30 121
45 121
55 121
63 121
67 121
93 121
1 122
2 122
5 122
19 122
26 122
67 122
73 122
81 122
4 123
14 123
29 123
33 123
40 123
41 123
54 123
58 123
61 123
62 123
67 123
68 123
76 123
88 123
2 125
5 125
14 125
15 125
17 125
41 125
62 125
82 125
85 125
1 126
4 126
9 126
15 126
19 126
20 126
21 126
43 126
50 126
53 126
55 126
58 126
68 126
8 128
19 128
25 128
32 128
41 128
66 128
91 128
7 129
27 129
45 129
49 129
70 129
78 129
80 129
83 129
84 129
99 129
26 130
28 130
55 130
56 130
86 130
9 131
10 131
20 131
39 131
49 131
76 131
87 131
5 132
33 132
35 132
41 132
52 132
64 132
4 133
9 133
10 133
51 133
55 133
56 133
87 133
88 133
91 133
3 135
16 135
49 135
51 135
59 135
68 135
97 135
1 136
8 136
39 136
50 136
53 136
59 136
65 136
72 136
5 137
27 137
63 137
67 137
74 137
78 137
80 137
92 137
95 137
13 138
24 138
54 138
63 138
75 138
77 138
92 138
4 139
10 139
12 139
28 139
33 139
48 139
55 139
90 139
93 139
3 140
13 140
16 140
23 140
25 140
37 140
50 140
51 140
55 140
64 140
94 140
98 140
9 141
27 141
45 141
53 141
55 141
57 141
76 141
82 141
91 141
97 141
98 141
17 142
29 142
44 142
48 142
54 142
66 142
99 142
10 143
14 143
32 143
59 143
60 143
67 143
88 143
93 143
97 143
98 143
99 143
3 144
5 144
13 144
30 144
32 144
45 144
83 144
86 144
91 144
93 144
94 144
1 145
16 145
45 145
51 145
53 145
54 145
56 145
73 145
75 145
6 146
8 146
21 146
45 146
47 146
55 146
61 146
79 146
85 146
91 146
10 147
22 147
25 147
32 147
48 147
62 147
63 147
70 147
76 147
90 147
1 148
9 148
12 148
14 148
43 148
45 148
48 148
62 148
65 148
71 148
73 148
87 148
99 148
3 149
10 149
17 149
37 149
45 149
47 149
48 149
49 149
60 149
61 149
71 149
95 149
99 149
10 150
22 150
29 150
34 150
36 150
57 150
63 150
83 150
93 150
1 151
37 151
73 151
2 152
15 152
17 152
31 152
41 152
54 152
58 152
86 152
93 152
99 152
23 153
27 153
40 153
50 153
53 153
55 153
56 153
60 153
75 153
95 153
11 154
35 154
45 154
48 154
55 154
58 154
59 154
8 156
24 156
26 156
34 156
42 156
46 156
53 156
54 156
82 156
99 156
25 158
33 158
43 158
47 158
5 159
31 159
42 159
51 159
59 159
60 159
64 159
65 159
70 159
83 159
84 159
86 159
1 160
10 160
15 160
32 160
43 160
46 160
55 160
79 160
4 161
9 161
12 161
16 161
51 161
54 161
55 161
59 161
64 161
92 161
15 162
19 162
24 162
31 162
34 162
42 162
49 162
55 162
57 162
58 162
66 162
81 162
98 162
31 165
44 165
52 165
5 166
8 166
22 166
32 166
34 166
56 166
91 166
100 166
3 167
18 167
23 167
33 167
50 167
51 167
72 167
74 167
83 167
89 167
91 167
95 167
2 168
4 168
9 168
10 168
12 168
14 168
17 168
29 168
34 168
41 168
68 168
77 168
84 168
90 168
5 169
7 169
13 169
18 169
48 169
51 169
54 169
71 169
87 169
4 170
17 170
26 170
48 170
58 170
62 170
76 170
78 170
89 170
98 170
13 171
23 171
37 171
59 171
71 171
84 171
3 172
10 172
30 172
35 172
36 172
42 172
59 172
96 172
2 173
7 173
15 173
21 173
53 173
74 173
84 173
99 173
9 174
25 174
40 174
41 174
45 174
47 174
51 174
78 174
85 174
94 174
9 175
32 175
36 175
43 175
52 175
65 175
83 175
87 175
99 175
100 175
5 176
21 176
22 176
23 176
33 176
35 176
53 176
72 176
92 176
93 176
29 177
45 177
65 177
69 177
74 177
76 177
84 177
85 177
92 177
7 179
52 179
56 179
67 179
75 179
80 179
100 179
12 180
26 180
41 180
48 180
61 180
7 181
9 181
17 181
38 181
45 181
47 181
54 181
75 181
81 181
94 181
5 182
16 182
21 182
22 182
23 182
44 182
51 182
63 182
66 182
93 182
95 182
2 183
3 183
9 183
12 183
34 183
39 183
41 183
58 183
70 183
17 184
24 184
31 184
35 184
66 184
79 184
100 184
19 185
22 185
24 185
44 185
46 185
63 185
68 185
71 185
76 185
77 185
87 185
97 185
11 186
22 186
37 186
46 186
80 186
88 186
11 187
16 187
26 187
42 187
55 187
66 187
70 187
78 187
93 187
97 187
8 188
9 188
16 188
35 188
37 188
63 188
93 188
8 189
23 189
33 189
43 189
67 189
69 189
72 189
80 189
84 189
87 189
97 189
6 190
23 190
37 190
41 190
42 190
43 190
47 190
50 190
61 190
65 190
70 190
78 190
79 190
87 190
3 191
10 191
20 191
24 191
50 191
75 191
82 191
85 191
98 191
41 192
54 192
68 192
97 192
7 193
26 193
56 193
63 193
90 193
96 193
97 193
98 193
1 194
47 194
48 194
69 194
29 195
32 195
67 195
68 195
75 195
76 195
78 195
83 195
93 195
94 195
2 196
15 196
27 196
28 196
31 196
62 196
66 196
85 196
95 196
99 196
4 197
7 197
10 197
13 197
22 197
32 197
52 197
54 197
63 197
69 197
72 197
85 197
88 197
89 197
25 198
33 198
48 198
51 198
56 198
57 198
64 198
69 198
79 198
81 198
84 198
86 198
94 198
8 199
12 199
14 199
16 199
33 199
49 199
52 199
76 199
4 200
17 200
20 200
21 200
33 200
47 200
48 200
51 200
66 200
82 200
83 200
86 200
96 200
